Apple
Banana
Cherry
Orange
안녕하세요
12345678901234567890123456789012345678901234567890
12345678901234567890123456789012345678901234567890
12345678901234567890123456789012345678901234567890
12345678901234567890123456789012345678901234567890
12345678901234567890123456789012345678901234567890
12345678901234567890123456789012345678901234567890
12345678901234567890123456789012345678901234567890
12345678901234567890123456789012345678901234567890
12345678901234567890123456789012345678901234567890
12345678901234567890123456789012345678901234567890
12345678901234567890123456789012345678901234567890
12345678901234567890123456789012345678901234567890
12345678901234567890123456789012345678901234567890
12345678901234567890123456789012345678901234567890
12345678901234567890123456789012345678901234567890
12345678901234567890123456789012345678901234567890
12345678901234567890123456789012345678901234567890
12345678901234567890123456789012345678901234567890
12345678901234567890123456789012345678901234567890
12345678901234567890123456789012345678901234567890
12345678901234567890123456789012345678901234567890
12345678901234567890123456789012345678901234567890
12345678901234567890123456789012345678901234567890
12345678901234567890123456789012345678901234567890
12345678901234567890123456789012345678901234567890
12345678901234567890123456789012345678901234567890
12345678901234567890123456789012345678901234567890
12345678901234567890123456789012345678901234567890
12345678901234567890123456789012345678901234567890
12345678901234567890123456789012345678901234567890
12345678901234567890123456789012345678901234567890
12345678901234567890123456789012345678901234567890
12345678901234567890123456789012345678901234567890
12345678901234567890123456789012345678901234567890
12345678901234567890123456789012345678901234567890
12345678901234567890123456789012345678901234567890
12345678901234567890123456789012345678901234567890
12345678901234567890123456789012345678901234567890
12345678901234567890123456789012345678901234567890
12345678901234567890123456789012345678901234567890
12345678901234567890123456789012345678901234567890
12345678901234567890123456789012345678901234567890
12345678901234567890123456789012345678901234567890
12345678901234567890123456789012345678901234567890
12345678901234567890123456789012345678901234567890
12345678901234567890123456789012345678901234567890
12345678901234567890123456789012345678901234567890
12345678901234567890123456789012345678901234567890
12345678901234567890123456789012345678901234567890
12345678901234567890123456789012345678901234567890
12345678901234567890123456789012345678901234567890
12345678901234567890123456789012345678901234567890
12345678901234567890123456789012345678901234567890
12345678901234567890123456789012345678901234567890
12345678901234567890123456789012345678901234567890
12345678901234567890123456789012345678901234567890
12345678901234567890123456789012345678901234567890
12345678901234567890123456789012345678901234567890
12345678901234567890123456789012345678901234567890
12345678901234567890123456789012345678901234567890
12345678901234567890123456789012345678901234567890
12345678901234567890123456789012345678901234567890
12345678901234567890123456789012345678901234567890
12345678901234567890123456789012345678901234567890
12345678901234567890123456789012345678901234567890
12345678901234567890123456789012345678901234567890
12345678901234567890123456789012345678901234567890
12345678901234567890123456789012345678901234567890
12345678901234567890123456789012345678901234567890
12345678901234567890123456789012345678901234567890
12345678901234567890123456789012345678901234567890
12345678901234567890123456789012345678901234567890
12345678901234567890123456789012345678901234567890
12345678901234567890123456789012345678901234567890
12345678901234567890123456789012345678901234567890
12345678901234567890123456789012345678901234567890
12345678901234567890123456789012345678901234567890
12345678901234567890123456789012345678901234567890
12345678901234567890123456789012345678901234567890
12345678901234567890123456789012345678901234567890
파일끝!